2000022
2000039
2000046
2000053
2000060
2000077
2000084
2000091
2000107
2000114
2000121
2000138
2000145
2200019
2200026
2200033
2200040
2200057
2200064
2200071
2200088
2200095
2200101
2200118
2200125
2200132
2200149
2200156
2200163
2200170
2200187
2200194
2200200
2200217
2200224
2200231
2200248
2200255
2200262
2200279
2200286
2200293
2200309
2200316
2200323
2200330
2200347
2200354
2200361
2200378
2200385
2200392
2200408
2200415
2200422
2200439
2200446
2200453
2200460
2200477
2200484
2200491
2200507
2200514
2200521
2200538
2200545
2200552
2200569
2200576
2200583
2200590
2200606
2200613
2200620
2200637
2200644
2200651
2200668
2200675
2200682
2200699
2200705
2200712
2200729
2200736
2200743
2200750
2200767
2200774
2200781
2200798
2200804
2200811
2200828
2200835
2200842
2200859
2200866
2200897
2200903
2200910
2201290
2201405
2201481
2201504
2201511
2201528
2201535
2201542
2201559
2201566
2201573
2201580
2201597
2201603
2400013
2400020
2400037
2400044
2400051
2400068
2400075
2400082
2400099
2400105
2400112
2400129
2400136
2400143
2400150
2400167
2400174
2400181
2400198
2400204
2400211
2400228
2400235
2400242
2400259
2400266
2400273
2400280
2400297
2400303
2400310
2400327
2400334
2400341
2400358
2400365
2400372
2400389
2400396
2400402
2400419
2400426
2400433
2400440
2400457
2400464
2400471
2400488
2400495
2400501
2400518
2400525
2400532
2400549
2400556
2400557
2600017
2600024
30xxxxxx
3000014
3000021
3000034
3000038
3000045
3000052
3000069
3000076
3000083
3000090
3000106
3000113
3000120
3000137
3000144
3000151
3000168
3000175
3000182
3000199
3000205
3000212
3000229
3000236
3000243
3000250
3000267
3000274
3000281
3000298
3000304
3000311
3000328
3000335
3000342
3000359
3000366
3000373
3000380
3000397
3000403
3000410
3000427
3000434
3000441
3000458
3000465
3000472
3000489
3000496
3000502
3000519
3000526
3000533
3000540
3000557
3000564
3000571
3000588
3000595
3000601
3000618
3000625
3000632
3000649
3000656
3000663
3000670
3000687
3000694
3000700
3000717
3000724
3000731
3000748
3000755
3000762
3000779
3000786
3000793
3000809
3000816
3000823
3000830
3000847
3000854
3000861
3000878
3000885
3000892
3000908
3000915
3000922
3000939
3000946
3000953
3000960
3000977
3000984
3000991
3001004
3005002
3005019
3005026
3005033
3005040
3005057
3005064
3005071
3005088
3005095
3005101
3005118
3005125
3005132
3005149
3005156
3005163
3005170
3005187
3005194
3005200
3005217
3005224
3005231
3005248
3005255
3005262
3005279
3005286
3005293
3005309
3005316
3005323
3005330
3005347
3005354
3005361
3005378
3005385
3005392
3200001
3200002
3200018
3200025
3200032
3200049
3200056
3200063
3200070
3200087
3200094
3200100
3200117
3200124
3200131
3200148
3200155
3200162
3200179
3200186
3200193
3200209
3200216
3200223
3200230
3200247
3200254
3200261
3200278
3200285
3200292
3200308
3200315
3200322
3200339
3200346
3200353
3200360
3200377
3200384
3200391
3200407
3200414
3200421
3200438
3200445
3200452
3200469
3200476
3200483
3200490
3200506
3200513
3200520
3200537
3200544
3200551
3200568
3200575
3200582
3200599
3200605
3200612
3200629
3200636
3200643
3200650
3200667
3200674
3200681
3200698
3200704
3200711
3200728
3200735
3200742
3200759
3200766
3200773
3200780
3200797
3200803
3200810
3200827
3200834
3200841
3200858
3200865
3200872
3200889
3200896
3200902
3200919
3200926
3200933
3400012
3400029
3400036
3400043
3400050
3400067
3400074
3400081
3400098
3400104
3400111
3400128
3400135
3400142
3400159
3400166
3400173
3400180
3400197
3400203
3400210
3400227
3400234
3400241
3400258
3400265
3400272
3400289
3400296
3400302
3400319
3400326
3400333
3400340
3400357
3400364
3400371
3400494
3400500
4000013
4000020
4000037
4000044
4000051
4000068
4000075
4000081
4000082
4000099
4000105
4000112
4000129
4000136
4000143
4000150
4000167
4000174
4000181
4000198
4000204
4000211
4000228
4000235
4000242
4000259
4000266
4000273
4000280
4000297
4000303
4000310
4000327
4000334
4000341
4000358
4000365
4000372
4000389
4000396
4000402
4000419
4000426
4000433
4000440
4000457
4000464
4000471
4000488
4000495
4000501
4000518
4000525
4000532
4000549
4000556
4000563
4000570
4000587
4000594
4000600
4000617
4000624
4000631
4000648
4000655
4000662
4000679
4000686
4000693
4000709
4000716
4000723
4000730
4000747
4000754
4000761
4000778
4000785
4000792
4000808
4000815
4000822
4000839
4000846
4000853
4000860
4000877
4000884
4000891
4000907
4000914
4000921
4000938
4000945
4000952
4000969
4000976
4000983
4000990
4001003
4001010
4001027
4001034
4001041
4001058
4001065
4001072
4001089
4001096
4001102
4001119
4001126
4001133
4001140
4001157
4001218
4001225
4001232
4001249
4001256
4001263
4001270
4001287
4099999
4200017
4200024
4200031
4200048
4200055
4200062
4200079
4200086
4200093
4200109
4200116
4200123
4200130
4200147
4200154
4200161
4200178
4200185
4200192
4200208
4200215
4200222
4200239
4200246
4200253
4200260
4200277
4200284
4200291
4200307
4400011
4400022
4400028
4400035
4400042
4400045
4400059
4400066
4400073
4400080
4400097
4400103
4400110
4400127
4400134
4400141
4400158
4400165
4400172
4400189
4400196
4400202
4400219
4400226
4400233
4400240
4400257
4400264
4400271
4400288
4400295
4400301
4400318
4400325
4400332
4400349
4400356
4400363
4400370
4400387
4400394
4400400
4400417
4400424
4400431
4400448
4400455
4400462
4400479
4400486
4400493
4400509
4400516
4400523
4400530
4400547
4400554
4400561
4400578
4400585
4400592
4400608
4400615
4400622
4400639
4400646
4400653
4400660
4400677
4400684
4400691
4400707
4400714
4400721
4400738
4400745
4400752
4400769
4400776
4400783
4400790
4400806
4400813
4400820
4400837
4400844
4400851
4400868
4400875
4400882
4400899
4400905
4400912
4400929
4400936
4400943
4400950
4400967
4400974
4400981
4400998
4401001
4401018
4401025
4401032
4401049
4401056
4401063
4401070
4401087
4401094
4401100
4401117
4401124
4401131
4401148
4401155
4401162
4401179
4401186
4401193
4401209
4401216
4401223
4401230
4401247
4401254
4401261
4401278
4401285
4401292
4401308
4401315
4401322
4401339
4401346
4401353
4401360
4401377
4401384
4401391
4401407
4401414
4401421
4401438
4401445
4401452
4401469
4401476
4401483
4401490
4401506
4401513
4401520
4401537
4401544
4401551
4401568
4401575
4401582
4401599
4401605
4401612
4401629
4401636
4401643
4401650
4401667
4401674
4401681
4401698
4401704
4401711
4401728
4401735
4401742
4401759
4401766
4401773
4401780
4401797
4401803
4401810
4401827
4401834
4401841
4401858
4401865
4401872
4401889
4401896
4401902
4401919
4401926
4401933
4401940
4401957
4401964
4401971
4401988
4401995
4402008
4402015
4402022
4402039
4402046
4402053
4402060
4402077
4402084
4402091
4402107
4402114
4402121
4402138
4402145
4402152
4402169
4402176
4402183
4402190
4402206
9000018
9000025
9000032
9000049
9000056
9000063
9000070
9000087
9000094
9000100